=== HUMANOID SYMBOLIC POLICY ===

Joint 0:
  Features (x0 to x29): [29, 333, 198, 62, 206, 81, 22, 200, 37, 82, 194, 284, 285, 351, 60, 328, 280, 7, 283, 229, 275, 151, 193, 260, 33, 61, 131, 9, 258, 331]
  Equation: x29*(-0.0008924647)

Joint 1:
  Features (x0 to x29): [29, 333, 198, 62, 206, 81, 22, 200, 37, 82, 194, 284, 285, 351, 60, 328, 280, 7, 283, 229, 275, 151, 193, 260, 33, 61, 131, 9, 258, 331]
  Equation: x22*0.06419729 + x26

Joint 2:
  Features (x0 to x29): [29, 333, 198, 62, 206, 81, 22, 200, 37, 82, 194, 284, 285, 351, 60, 328, 280, 7, 283, 229, 275, 151, 193, 260, 33, 61, 131, 9, 258, 331]
  Equation: x12*(-0.0013432663)

Joint 3:
  Features (x0 to x29): [29, 333, 198, 62, 206, 81, 22, 200, 37, 82, 194, 284, 285, 351, 60, 328, 280, 7, 283, 229, 275, 151, 193, 260, 33, 61, 131, 9, 258, 331]
  Equation: x1*(-0.0003892351)

Joint 4:
  Features (x0 to x29): [29, 333, 198, 62, 206, 81, 22, 200, 37, 82, 194, 284, 285, 351, 60, 328, 280, 7, 283, 229, 275, 151, 193, 260, 33, 61, 131, 9, 258, 331]
  Equation: (x1*0.0014990132 + x9)*(-0.20264655)

Joint 5:
  Features (x0 to x29): [29, 333, 198, 62, 206, 81, 22, 200, 37, 82, 194, 284, 285, 351, 60, 328, 280, 7, 283, 229, 275, 151, 193, 260, 33, 61, 131, 9, 258, 331]
  Equation: (x20 - (x1 + x13))*(-0.00022186937)

Joint 6:
  Features (x0 to x29): [29, 333, 198, 62, 206, 81, 22, 200, 37, 82, 194, 284, 285, 351, 60, 328, 280, 7, 283, 229, 275, 151, 193, 260, 33, 61, 131, 9, 258, 331]
  Equation: 0.34808254 + x1*(-0.00048735822)

Joint 7:
  Features (x0 to x29): [29, 333, 198, 62, 206, 81, 22, 200, 37, 82, 194, 284, 285, 351, 60, 328, 280, 7, 283, 229, 275, 151, 193, 260, 33, 61, 131, 9, 258, 331]
  Equation: x9*(x18*(-0.0055495803) - 0.14799878)

Joint 8:
  Features (x0 to x29): [29, 333, 198, 62, 206, 81, 22, 200, 37, 82, 194, 284, 285, 351, 60, 328, 280, 7, 283, 229, 275, 151, 193, 260, 33, 61, 131, 9, 258, 331]
  Equation: (x21 + x26)*0.5640424 + 0.09035276

Joint 9:
  Features (x0 to x29): [29, 333, 198, 62, 206, 81, 22, 200, 37, 82, 194, 284, 285, 351, 60, 328, 280, 7, 283, 229, 275, 151, 193, 260, 33, 61, 131, 9, 258, 331]
  Equation: x13*0.00040872753 + x7*(-0.13595791)

Joint 10:
  Features (x0 to x29): [29, 333, 198, 62, 206, 81, 22, 200, 37, 82, 194, 284, 285, 351, 60, 328, 280, 7, 283, 229, 275, 151, 193, 260, 33, 61, 131, 9, 258, 331]
  Equation: x14*x21 + exp(x13*(-0.0071339114))*0.14756848

Joint 11:
  Features (x0 to x29): [29, 333, 198, 62, 206, 81, 22, 200, 37, 82, 194, 284, 285, 351, 60, 328, 280, 7, 283, 229, 275, 151, 193, 260, 33, 61, 131, 9, 258, 331]
  Equation: x26*(-0.7146032)

Joint 12:
  Features (x0 to x29): [29, 333, 198, 62, 206, 81, 22, 200, 37, 82, 194, 284, 285, 351, 60, 328, 280, 7, 283, 229, 275, 151, 193, 260, 33, 61, 131, 9, 258, 331]
  Equation: x13*0.00020620391 - 1*(-0.10070938)

Joint 13:
  Features (x0 to x29): [29, 333, 198, 62, 206, 81, 22, 200, 37, 82, 194, 284, 285, 351, 60, 328, 280, 7, 283, 229, 275, 151, 193, 260, 33, 61, 131, 9, 258, 331]
  Equation: x19*0.021164792 + x20*(-0.002598168)

Joint 14:
  Features (x0 to x29): [29, 333, 198, 62, 206, 81, 22, 200, 37, 82, 194, 284, 285, 351, 60, 328, 280, 7, 283, 229, 275, 151, 193, 260, 33, 61, 131, 9, 258, 331]
  Equation: (x3 + x7)*(-0.1451643)

Joint 15:
  Features (x0 to x29): [29, 333, 198, 62, 206, 81, 22, 200, 37, 82, 194, 284, 285, 351, 60, 328, 280, 7, 283, 229, 275, 151, 193, 260, 33, 61, 131, 9, 258, 331]
  Equation: (x26 - (x6 + x7*0.31795198))*0.31978342

Joint 16:
  Features (x0 to x29): [29, 333, 198, 62, 206, 81, 22, 200, 37, 82, 194, 284, 285, 351, 60, 328, 280, 7, 283, 229, 275, 151, 193, 260, 33, 61, 131, 9, 258, 331]
  Equation: (x12 - 68.86225)*0.0018979372

